,Actions,Euclidien distance,Actions_encoded
0,a10,4.328660991690423,1
1,a10,0.0,1
2,a10,3.6209241449540066,1
3,a10,1.9817025886506492,1
4,a10,3.8480393613067734,1
5,a10,4.052581352742873,1
6,a10,5.803112852406777,1
7,a10,5.891534922609656,1
8,a10,3.136537923187121,1
9,a10,5.375234398709579,1
10,a10,4.425573491476428,1
11,a10,3.047812923095809,1
12,a10,3.729393401029299,1
13,a10,3.8486830718764993,1
14,a10,3.803681408536197,1
15,a10,3.5394220678242894,1
16,a11,2.0991600360902214,2
17,a11,2.183463863230567,2
18,a11,3.128225949433098,2
19,a11,2.2203182825911036,2
20,a11,3.81512375792686,2
21,a11,3.4796166488088214,2
22,a11,3.8732705682013404,2
23,a11,3.962802005798116,2
24,a11,4.3954886487111855,2
25,a11,3.653752726026817,2
26,a11,3.6058443800832998,2
27,a11,3.669982320961631,2
28,a11,5.623925505121824,2
29,a11,5.5261964662632765,2
30,a11,4.49110815676732,2
31,a11,4.996634496716079,2
32,a12,12.509192547600167,3
33,a12,13.208231771190084,3
34,a12,12.913759496730744,3
35,a12,12.948458828148556,3
36,a12,13.724616499359916,3
37,a12,13.422834114499897,3
38,a12,13.151076080823378,3
39,a12,13.380526169340788,3
40,a12,11.394785965420633,3
41,a12,10.106742962796572,3
42,a12,12.453051406317318,3
43,a12,10.849734721932277,3
44,a12,15.23156009084233,3
45,a12,14.142681707145663,3
46,a12,14.127331631961827,3
47,a12,14.78132759219686,3
48,a13,6.934233366673376,4
49,a13,6.578759503454466,4
50,a13,7.455966379643219,4
51,a13,7.346916995501966,4
52,a13,6.883176144760896,4
53,a13,6.580375161355703,4
54,a13,6.523121884017544,4
55,a13,6.542787962957232,4
56,a13,7.678514426572854,4
57,a13,6.9000461249530005,4
58,a13,7.485484087371627,4
59,a13,7.1510456483062335,4
60,a13,7.2652160198935745,4
61,a13,7.536319860396839,4
62,a13,7.577801991224214,4
63,a13,6.675563494178259,4
64,a14,8.925586487169436,5
65,a14,8.73589935052491,5
66,a14,8.783118557859323,5
67,a14,8.73579901209618,5
68,a14,8.44007284070943,5
69,a14,8.799938154389556,5
70,a14,9.026308098885142,5
71,a14,8.551322205200231,5
72,a14,8.82311786763036,5
73,a14,8.82519933206377,5
74,a14,8.779175790326258,5
75,a14,9.062536072749802,5
76,a14,8.94765315337839,5
77,a14,8.863661504874162,5
78,a14,9.014581577149247,5
79,a14,9.498355941004753,5
80,a15,6.794773672345022,6
81,a15,6.566180894659737,6
82,a15,6.638771223541585,6
83,a15,7.051222130647014,6
84,a15,9.113782549525796,6
85,a15,8.794122182570643,6
86,a15,7.976121102285745,6
87,a15,8.896097924113985,6
88,a15,6.520166821144564,6
89,a15,6.6818956827506515,6
90,a15,6.607128476482927,6
91,a15,6.643271588511209,6
92,a15,7.858148406439529,6
93,a15,8.491027175320085,6
94,a15,8.557244135717305,6
95,a15,8.563825457527457,6
96,a16,6.144399009482996,7
97,a16,6.417544750890002,7
98,a16,6.670174245585466,7
99,a16,6.7190772184685885,7
100,a16,8.062824214056477,7
101,a16,7.987814310548058,7
102,a16,7.471532274130563,7
103,a16,7.551170363357088,7
104,a16,7.2208561800604,7
105,a16,7.0343670508662175,7
106,a16,6.94918410881058,7
107,a16,7.021743253360745,7
108,a16,7.670827795488069,7
109,a16,7.727610477352885,7
110,a16,7.445169700871336,7
111,a16,7.220998630123116,7
112,a17,8.466435459284508,8
113,a17,7.845701768905881,8
114,a17,8.485476638130892,8
115,a17,7.63910459292231,8
116,a17,8.642350163703231,8
117,a17,8.446009166048,8
118,a17,8.719550243221606,8
119,a17,8.56769229798594,8
120,a17,8.401512106688674,8
121,a17,9.014596868028502,8
122,a17,8.839305737215447,8
123,a17,8.468953443428658,8
124,a17,7.405940192557201,8
125,a17,7.813123916699573,8
126,a17,8.290352898989935,8
127,a17,8.105795435466012,8
128,a18,7.332483496176857,9
129,a18,7.3288582100888044,9
130,a18,7.335054115102182,9
131,a18,7.077309194148301,9
132,a18,8.01035055138655,9
133,a18,7.673571559624212,9
134,a18,7.54889893222679,9
135,a18,7.649946217290761,9
136,a18,7.106623187363336,9
137,a18,7.6786956675472,9
138,a18,7.407386620647858,9
139,a18,7.889251145003108,9
140,a18,7.549394985498842,9
141,a18,7.645122292299798,9
142,a18,7.72642122938865,9
143,a18,7.299826920088198,9
144,a19,3.4487371557833955,10
145,a19,3.3569333967130417,10
146,a19,3.4638292390416816,10
147,a19,3.639317047422734,10
148,a19,4.314848282433395,10
149,a19,4.214827640983715,10
150,a19,4.1189968471114975,10
151,a19,4.341637259188735,10
152,a19,5.1817757499968735,10
153,a19,5.493861278034036,10
154,a19,4.969357986463192,10
155,a19,5.209275236445887,10
156,a19,4.527611068173827,10
157,a19,4.631165667270014,10
158,a19,4.37284737167532,10
159,a19,4.6508343220303425,10
160,a1,6.210678177643255,0
161,a1,6.437650597562202,0
162,a1,6.379408971609742,0
163,a1,5.90619876525391,0
164,a1,6.820386731937141,0
165,a1,6.901157241882028,0
166,a1,7.070648952794481,0
167,a1,6.41553323880349,0
168,a1,5.440364921883387,0
169,a1,5.436317862809266,0
170,a1,5.403832400669886,0
171,a1,5.532270128576381,0
172,a1,7.3918378316703155,0
173,a1,7.050525729575911,0
174,a1,7.465593478988573,0
175,a1,7.60137581886515,0
176,a20,5.2080892812405075,12
177,a20,4.612042299381539,12
178,a20,4.680372329441567,12
179,a20,4.411924773875692,12
180,a20,6.623038783852352,12
181,a20,5.250481634557286,12
182,a20,4.8549096172561335,12
183,a20,6.107843194842112,12
184,a20,6.71785216894026,12
185,a20,5.768960828049804,12
186,a20,5.865515556483193,12
187,a20,5.677092018966516,12
188,a20,5.640061862522171,12
189,a20,4.4122613292371415,12
190,a20,4.773718930567857,12
191,a20,5.387456802697258,12
192,a21,9.193184946673902,13
193,a21,8.798230823830028,13
194,a21,8.483138349656828,13
195,a21,9.774031256358986,13
196,a21,11.656686233364868,13
197,a21,11.8107446244278,13
198,a21,13.38977810451044,13
199,a21,11.650645679294177,13
200,a21,6.923335559521768,13
201,a21,7.658591495918528,13
202,a21,6.772838276715007,13
203,a21,8.764027327980024,13
204,a21,10.207521721735178,13
205,a21,8.040859958235355,13
206,a21,10.598440353760687,13
207,a21,10.697501758785029,13
208,a22,7.0130956247190275,14
209,a22,7.211632053060222,14
210,a22,7.471597121376395,14
211,a22,7.3073511777148985,14
212,a22,7.864266196515986,14
213,a22,7.619034978355726,14
214,a22,8.027854494756106,14
215,a22,8.247288093004085,14
216,a22,7.538554794041611,14
217,a22,7.291309416490185,14
218,a22,7.307301946180637,14
219,a22,7.4114413343411805,14
220,a22,7.194861111019297,14
221,a22,7.262888057631887,14
222,a22,7.1585651694477255,14
223,a22,6.74412017110005,14
224,a23,7.732419727500336,15
225,a23,7.848280261951674,15
226,a23,7.422860852079509,15
227,a23,7.9752861358324925,15
228,a23,8.596216809958289,15
229,a23,8.604827429286871,15
230,a23,8.5815069024723,15
231,a23,8.183523205527717,15
232,a23,7.397148074870444,15
233,a23,7.466394155453808,15
234,a23,7.4444615763507676,15
235,a23,7.527044790801185,15
236,a23,8.692944322414363,15
237,a23,8.452713586420433,15
238,a23,8.026846698393788,15
239,a23,8.423733954937498,15
240,a24,10.17818458155716,16
241,a24,10.460116120565553,16
242,a24,10.003885732525736,16
243,a24,10.685399549222536,16
244,a24,11.274727062237337,16
245,a24,10.89336632166617,16
246,a24,11.455225057546905,16
247,a24,11.804739505422328,16
248,a24,9.2104270963766,16
249,a24,9.941324220698858,16
250,a24,10.190430886142785,16
251,a24,10.588153442794557,16
252,a24,11.497053436061112,16
253,a24,11.3531589572993,16
254,a24,11.475461898136787,16
255,a24,11.806237469510878,16
256,a25,12.14107770969349,17
257,a25,11.667235303703869,17
258,a25,11.569676551203626,17
259,a25,11.96326854938233,17
260,a25,13.073977833782365,17
261,a25,13.159120038574319,17
262,a25,13.648127161721337,17
263,a25,13.328808200404135,17
264,a25,11.096568380649119,17
265,a25,11.497674186193295,17
266,a25,11.66634865458383,17
267,a25,11.183723359366383,17
268,a25,13.669407313718825,17
269,a25,13.663367766843821,17
270,a25,13.88848992846254,17
271,a25,13.814814689716304,17
272,a26,12.632521959238348,18
273,a26,13.510728517139247,18
274,a26,12.23634530461447,18
275,a26,12.410992896487821,18
276,a26,14.204456915142847,18
277,a26,14.136108160581475,18
278,a26,14.047757707579825,18
279,a26,13.341628380728558,18
280,a26,13.900230639434678,18
281,a26,13.57957727611232,18
282,a26,13.790366984360857,18
283,a26,13.408707843290458,18
284,a26,13.286152419689252,18
285,a26,13.453700101385815,18
286,a26,13.866788337684167,18
287,a26,13.62961149280616,18
288,a27,8.165187996394051,19
289,a27,8.132185204557167,19
290,a27,8.151947090589308,19
291,a27,9.12568636364579,19
292,a27,8.495053865847021,19
293,a27,8.729499941437478,19
294,a27,9.177211464842179,19
295,a27,8.794225311189122,19
296,a27,8.72279822205185,19
297,a27,8.7110928552212,19
298,a27,8.747872717726349,19
299,a27,8.772968691044717,19
300,a27,9.369955435424407,19
301,a27,9.042074226852936,19
302,a27,9.343492889066962,19
303,a27,9.141929401936569,19
304,a2,5.668560267029255,11
305,a2,5.7583683867942765,11
306,a2,5.6842283847572315,11
307,a2,5.693694186969031,11
308,a2,5.831292622676792,11
309,a2,6.133811180745033,11
310,a2,5.787756446996729,11
311,a2,5.54805357848555,11
312,a2,5.1231903647966925,11
313,a2,4.402873230790183,11
314,a2,4.306622797627813,11
315,a2,4.441643174816779,11
316,a2,6.610381813936942,11
317,a2,6.103325471420935,11
318,a2,6.149062340496194,11
319,a2,6.331977636198719,11
320,a3,4.3530664683282545,20
321,a3,4.211030005173454,20
322,a3,3.950554038211244,20
323,a3,4.331781224036238,20
324,a3,4.289687454495179,20
325,a3,4.5310581440737066,20
326,a3,4.883522364183362,20
327,a3,4.518371592297802,20
328,a3,5.825528152638012,20
329,a3,5.661854889458775,20
330,a3,5.83096532224572,20
331,a3,5.692409002761229,20
332,a3,6.534553185507672,20
333,a3,5.535974911522572,20
334,a3,6.557786513692713,20
335,a3,4.959877628001298,20
336,a4,6.397772873778979,21
337,a4,6.7378482614237285,21
338,a4,6.1800767919749084,21
339,a4,6.0610404004460445,21
340,a4,7.2652406105148035,21
341,a4,7.242816120043825,21
342,a4,7.150390826734673,21
343,a4,6.868422428251088,21
344,a4,6.736405888489679,21
345,a4,7.170086398049244,21
346,a4,6.584796915396562,21
347,a4,6.848291042686496,21
348,a4,6.710037462465669,21
349,a4,6.945127896471101,21
350,a4,6.627924107425499,21
351,a4,6.558832466182981,21
352,a5,6.146678469713143,22
353,a5,6.513721954706743,22
354,a5,6.865023852801533,22
355,a5,6.335247824611841,22
356,a5,6.47730270205533,22
357,a5,5.4793514306048925,22
358,a5,5.870001159848461,22
359,a5,6.012037743272942,22
360,a5,6.354097827968978,22
361,a5,6.438694849746773,22
362,a5,5.644508956474562,22
363,a5,6.17901110539897,22
364,a5,6.400369345831078,22
365,a5,6.55203122061024,22
366,a5,5.451125072795422,22
367,a5,5.826452437632071,22
368,a6,6.7322316025521305,23
369,a6,7.066724043300728,23
370,a6,6.813443965490703,23
371,a6,6.348665806227966,23
372,a6,7.8568015569041485,23
373,a6,7.6456078021759275,23
374,a6,7.665821507155135,23
375,a6,7.483603152331854,23
376,a6,6.966580706543071,23
377,a6,6.819777106813001,23
378,a6,6.653508437684764,23
379,a6,7.042611413306554,23
380,a6,7.090997695461221,23
381,a6,6.642070748925982,23
382,a6,6.809217821532135,23
383,a6,6.623454881574148,23
384,a7,8.580017838943396,24
385,a7,7.965663353689127,24
386,a7,8.065160168519514,24
387,a7,8.099498611095665,24
388,a7,8.755072890762934,24
389,a7,8.109859547017798,24
390,a7,8.49202577284258,24
391,a7,8.532232990441752,24
392,a7,9.702954692105282,24
393,a7,10.135364403222862,24
394,a7,10.038736434179718,24
395,a7,10.525821002646348,24
396,a7,9.037112127809218,24
397,a7,9.858945264473725,24
398,a7,8.996167864586083,24
399,a7,9.721028905942413,24
400,a8,5.086759706631587,25
401,a8,4.762893338102969,25
402,a8,5.0154656597478064,25
403,a8,5.183946975725206,25
404,a8,5.214880932294521,25
405,a8,5.656479315985259,25
406,a8,5.1927888971932825,25
407,a8,5.305321743864428,25
408,a8,4.850622612419704,25
409,a8,5.156496021744918,25
410,a8,5.168794930441793,25
411,a8,6.544866472816319,25
412,a8,5.557135894137722,25
413,a8,6.404124953951236,25
414,a8,6.425927199765233,25
415,a9,5.9140326513312065,26
416,a9,5.000216091315114,26
417,a9,5.05829357520182,26
418,a9,4.924190126183065,26
419,a9,4.6499504624618595,26
420,a9,4.664423524205505,26
421,a9,4.8241816116035094,26
422,a9,5.906246231098692,26
423,a9,3.5176169809045366,26
424,a9,3.6382126211844237,26
425,a9,5.6220975916706655,26
426,a9,4.947901317659032,26
427,a9,6.005032518801805,26
428,a9,5.526233609729304,26
429,a9,5.376848368114971,26
430,a9,0.0,26
